-0.0363217 0.0496992 -9.80297
-0.0331116 0.0136592 -9.77795
-0.0172196 0.0313674 -9.77684
-0.0311979 0.0335815 -9.78603
-0.0235625 0.0264194 -9.80071
-0.0273346 0.0315654 -9.78045
-0.0298454 0.0328733 -9.78051
-0.0328191 0.0361224 -9.7892
-0.022791 0.0277365 -9.78845
-0.0299758 0.0314385 -9.79561
-0.0263556 0.0315927 -9.78167
-0.0406364 0.0396046 -9.78599
-0.0388892 0.0417036 -9.79132
-0.0289678 0.0342114 -9.78294
-0.029155 0.0352276 -9.79486
-0.0257287 0.0295357 -9.78386
-0.0322408 0.0272249 -9.79642
-0.0188586 0.01874 -9.79592
-0.0335143 0.0391288 -9.78253
-0.0284029 0.0437837 -9.78056
0.00613061 0.0428002 -9.79521
-0.0814656 0.00933807 -9.7829
-0.0564957 0.0276881 -9.75703
-0.0299712 0.0566485 -9.7957
0.0364292 0.0412034 -9.7988
-0.0530546 0.00908644 -9.77712
-0.0726744 0.0244692 -9.77037
-0.00712792 0.0430642 -9.79587
0.00708237 0.0565698 -9.79446
-0.0491991 0.0217178 -9.77304
-0.0556286 0.0322848 -9.72683
0.699624 1.49072 -9.71111
-0.203389 3.51627 -9.873
-1.10338 1.65702 -9.77415
-0.878189 -0.339495 -9.84442
0.499036 -0.687043 -9.78554
0.32983 -0.321936 -9.75054
0.553569 -2.33549 -9.77977
0.679328 -2.43909 -9.79719
-0.112991 -0.26285 -9.81666
-0.175333 0.292069 -9.77481
-0.131209 0.399574 -9.78097
-0.346426 0.0623124 -9.79803
-0.149361 -0.103774 -9.82798
-0.0235491 -0.626884 -9.8272
0.0245324 -0.0988651 -9.71751
-0.0908828 0.0595701 -9.78386
-0.0629515 0.0567087 -9.78855
-0.0767825 0.0255433 -9.77545
-0.0963422 0.0212086 -9.77908
-0.105298 0.12997 -9.79319
-0.00708005 -0.0654636 -9.7937
-0.026897 0.233871 -9.79269
0.0201568 0.034324 -9.78183
-0.192014 -0.125548 -9.77413
-0.0447639 -0.152515 -9.80294
-0.0696967 -0.000132287 -9.7788
-0.111925 0.0521881 -9.80868
-0.128345 0.0264507 -9.72546
-0.0691654 0.00822913 -9.84663
0.0205333 0.0530378 -9.76626
-0.063026 0.00118569 -9.78498
-0.0729873 0.0434299 -9.78148
-0.0464722 0.0341237 -9.7795
-0.120485 0.0677528 -9.77074
-0.173436 0.613968 -9.83025
-0.132444 0.321919 -9.78025
-0.347252 0.890309 -9.76115
-0.148745 0.341765 -9.79308
0.357948 -1.10028 -9.78838
0.116289 -0.88529 -9.76463
-0.0529175 -0.13613 -9.8169
-0.0883828 0.0558849 -9.77508
-0.100147 0.184703 -9.80897
0.00888808 0.108781 -9.77782
-0.0622709 0.586158 -9.77266
-0.062002 0.806684 -9.7852
-0.180641 1.05729 -9.79291
-0.24644 0.145118 -9.81018
0.138469 0.321924 -9.52861
0.416796 -0.272694 -10.0271
-0.586015 -1.25103 -9.7598
0.110384 -1.75069 -9.8245
-0.180002 0.114017 -9.80355
-0.0633014 -0.0417576 -9.79136
-0.140405 -0.153105 -9.74732
-0.0356305 0.0259566 -9.78532
-0.0721055 -0.127954 -9.78887
-0.0801498 -0.016738 -9.7756
-0.0661994 0.145587 -9.79333
-0.0806149 -0.0625209 -9.79408
-0.0492364 -0.0412199 -9.79695
-0.0574631 -0.0455089 -9.79052
-0.079954 0.0256261 -9.77167
-0.0390778 0.0635338 -9.78573
-0.0488971 -0.0713434 -9.78819
-0.0570025 -0.000165393 -9.79624
-0.128804 -0.233185 -9.79831
-0.0496808 -0.231572 -9.7719
0.00535276 -0.237222 -9.82184
-0.0757088 -0.100083 -9.77933
